TranstionEnd,0,1487131179,815460000
TranstionStart,1,1487131179,815789000
ClientRequest,1,,
TranstionEnd,1,1487131179,821431000
TranstionStart,2,1487131180,820352000
ClientRequest,2,,
TranstionEnd,2,1487131180,822818000
TranstionStart,3,1487131183,815841000
keepAliveStart,3,,
TranstionEnd,3,1487131183,820238000
TranstionStart,4,1487131184,815565000
TranstionEnd,4,1487131184,815649000
TranstionStart,5,1487131187,815916000
ClientRequest,5,,
TranstionEnd,5,1487131187,820432000
TranstionStart,6,1487131187,820455000
keepAliveStart,6,,
TranstionEnd,6,1487131187,823076000
TranstionStart,7,1487131189,817780000
TranstionEnd,7,1487131189,817822000
TranstionStart,8,1487131189,818015000
ClientRequest,8,,
TranstionEnd,8,1487131189,821928000
TranstionStart,9,1487131191,825693000
keepAliveStart,9,,
TranstionEnd,9,1487131191,830105000
TranstionStart,10,1487131194,819669000
TranstionEnd,10,1487131194,819778000
TranstionStart,11,1487131194,826551000
ClientRequest,11,,
TranstionEnd,11,1487131194,829338000
TranstionStart,12,1487131195,825988000
keepAliveStart,12,,
TranstionEnd,12,1487131195,830623000
TranstionStart,13,1487131199,821830000
TranstionEnd,13,1487131199,821935000
TranstionStart,14,1487131199,827164000
keepAliveStart,14,,
TranstionEnd,14,1487131199,831581000
TranstionStart,15,1487131203,832430000
keepAliveStart,15,,
TranstionEnd,15,1487131203,837052000
TranstionStart,16,1487131204,825163000
TranstionEnd,16,1487131204,825234000
TranstionStart,17,1487131207,837728000
keepAliveStart,17,,
TranstionEnd,17,1487131207,842425000
TranstionStart,18,1487131208,839853000
ClientRequest,18,,
TranstionEnd,18,1487131208,844431000
TranstionStart,19,1487131209,828903000
TranstionEnd,19,1487131209,828975000
TranstionStart,20,1487131211,843019000
keepAliveStart,20,,
TranstionEnd,20,1487131211,847575000
TranstionStart,21,1487131214,834199000
TranstionEnd,21,1487131214,834272000
TranstionStart,22,1487131214,852648000
ClientRequest,22,,
TranstionEnd,22,1487131214,857328000
TranstionStart,23,1487131215,848229000
keepAliveStart,23,,
TranstionEnd,23,1487131215,852746000
TranstionStart,24,1487131215,855662000
ClientRequest,24,,
TranstionEnd,24,1487131215,858312000
TranstionStart,25,1487131215,858324000
ClientRequest,25,,
TranstionEnd,25,1487131215,860906000
TranstionStart,26,1487131216,850779000
ClientRequest,26,,
TranstionEnd,26,1487131216,855270000
TranstionStart,27,1487131219,839462000
TranstionEnd,27,1487131219,839535000
TranstionStart,28,1487131219,850584000
keepAliveStart,28,,
TranstionEnd,28,1487131219,855045000
TranstionStart,29,1487131223,852383000
keepAliveStart,29,,
TranstionEnd,29,1487131223,857550000
TranstionStart,30,1487131224,842859000
TranstionEnd,30,1487131224,842934000
TranstionStart,31,1487131227,854434000
keepAliveStart,31,,
TranstionEnd,31,1487131227,859019000
TranstionStart,32,1487131228,871310000
ClientRequest,32,,
TranstionEnd,32,1487131228,875840000
TranstionStart,33,1487131229,845835000
TranstionEnd,33,1487131229,845916000
TranstionStart,34,1487131230,859662000
ClientRequest,34,,
TranstionEnd,34,1487131230,864450000
TranstionStart,35,1487131231,856960000
keepAliveStart,35,,
TranstionEnd,35,1487131231,861443000
TranstionStart,36,1487131234,851148000
TranstionEnd,36,1487131234,851220000
TranstionStart,37,1487131235,858829000
keepAliveStart,37,,
TranstionEnd,37,1487131235,863556000
TranstionStart,38,1487131238,879480000
ClientRequest,38,,
TranstionEnd,38,1487131238,883905000
TranstionStart,39,1487131239,856344000
TranstionEnd,39,1487131239,856417000
TranstionStart,40,1487131239,859637000
keepAliveStart,40,,
TranstionEnd,40,1487131239,864278000
TranstionStart,41,1487131240,880085000
ClientRequest,41,,
TranstionEnd,41,1487131240,884910000
TranstionStart,42,1487131242,872792000
ClientRequest,42,,
TranstionEnd,42,1487131242,877523000
TranstionStart,43,1487131242,887654000
ClientRequest,43,,
TranstionEnd,43,1487131242,891893000
TranstionStart,44,1487131243,864836000
keepAliveStart,44,,
TranstionEnd,44,1487131243,869384000
TranstionStart,45,1487131244,860815000
TranstionEnd,45,1487131244,860965000
TranstionStart,46,1487131247,869930000
keepAliveStart,46,,
TranstionEnd,46,1487131247,874422000
TranstionStart,47,1487131249,861078000
TranstionEnd,47,1487131249,861203000
TranstionStart,48,1487131251,872963000
keepAliveStart,48,,
TranstionEnd,48,1487131251,877369000
TranstionStart,49,1487131254,862467000
TranstionEnd,49,1487131254,862590000
TranstionStart,50,1487131254,897573000
ClientRequest,50,,
TranstionEnd,50,1487131254,901529000
TranstionStart,51,1487131254,901623000
ClientRequest,51,,
TranstionEnd,51,1487131254,904260000
TranstionStart,52,1487131255,878169000
keepAliveStart,52,,
TranstionEnd,52,1487131255,882690000
TranstionStart,53,1487131259,865924000
TranstionEnd,53,1487131259,866008000
TranstionStart,54,1487131259,881395000
keepAliveStart,54,,
TranstionEnd,54,1487131259,885985000
TranstionStart,55,1487131259,888867000
ClientRequest,55,,
TranstionEnd,55,1487131259,891686000
TranstionStart,56,1487131259,903787000
ClientRequest,56,,
TranstionEnd,56,1487131259,906426000
TranstionStart,57,1487131263,881542000
keepAliveStart,57,,
TranstionEnd,57,1487131263,886036000
TranstionStart,58,1487131264,866256000
TranstionEnd,58,1487131264,866338000
TranstionStart,59,1487131267,884102000
keepAliveStart,59,,
TranstionEnd,59,1487131267,888681000
TranstionStart,60,1487131267,893163000
ClientRequest,60,,
TranstionEnd,60,1487131267,895800000
TranstionStart,61,1487131267,917740000
ClientRequest,61,,
TranstionEnd,61,1487131267,921859000
TranstionStart,62,1487131269,868111000
TranstionEnd,62,1487131269,868204000
TranstionStart,63,1487131270,914724000
ClientRequest,63,,
TranstionEnd,63,1487131270,919238000
TranstionStart,64,1487131271,889365000
keepAliveStart,64,,
TranstionEnd,64,1487131271,893827000
TranstionStart,65,1487131274,873189000
TranstionEnd,65,1487131274,873269000
TranstionStart,66,1487131275,893864000
keepAliveStart,66,,
TranstionEnd,66,1487131275,898513000
TranstionStart,67,1487131277,924377000
ClientRequest,67,,
TranstionEnd,67,1487131277,928927000
TranstionStart,68,1487131278,928484000
ClientRequest,68,,
TranstionEnd,68,1487131278,932950000
TranstionStart,69,1487131279,876629000
TranstionEnd,69,1487131279,876703000
TranstionStart,70,1487131279,895221000
keepAliveStart,70,,
TranstionEnd,70,1487131279,899792000
TranstionStart,71,1487131280,908689000
ClientRequest,71,,
TranstionEnd,71,1487131280,913501000
TranstionStart,72,1487131281,926540000
ClientRequest,72,,
TranstionEnd,72,1487131281,929037000
TranstionStart,73,1487131283,895475000
keepAliveStart,73,,
TranstionEnd,73,1487131283,897891000
TranstionStart,74,1487131284,876818000
TranstionEnd,74,1487131284,876871000
TranstionStart,75,1487131285,926509000
ClientRequest,75,,
TranstionEnd,75,1487131285,929253000
TranstionStart,76,1487131285,933238000
ClientRequest,76,,
TranstionEnd,76,1487131285,935846000
TranstionStart,77,1487131287,899862000
keepAliveStart,77,,
TranstionEnd,77,1487131287,904736000
TranstionStart,78,1487131287,914239000
ClientRequest,78,,
TranstionEnd,78,1487131287,919315000
TranstionStart,79,1487131289,877412000
TranstionEnd,79,1487131289,878097000
TranstionStart,80,1487131289,947054000
ClientRequest,80,,
TranstionEnd,80,1487131289,951266000
TranstionStart,81,1487131291,900285000
keepAliveStart,81,,
TranstionEnd,81,1487131291,904087000
TranstionStart,82,1487131294,879825000
TranstionEnd,82,1487131294,879902000
TranstionStart,83,1487131295,905499000
keepAliveStart,83,,
TranstionEnd,83,1487131295,909921000
TranstionStart,84,1487131296,938528000
ClientRequest,84,,
TranstionEnd,84,1487131296,943257000
TranstionStart,85,1487131298,948330000
ClientRequest,85,,
TranstionEnd,85,1487131298,952049000
TranstionStart,86,1487131299,883396000
TranstionEnd,86,1487131299,883482000
TranstionStart,87,1487131299,910674000
keepAliveStart,87,,
TranstionEnd,87,1487131299,915148000
TranstionStart,88,1487131303,912346000
keepAliveStart,88,,
TranstionEnd,88,1487131303,917225000
TranstionStart,89,1487131304,884909000
TranstionEnd,89,1487131304,884983000
TranstionStart,90,1487131307,917625000
keepAliveStart,90,,
TranstionEnd,90,1487131307,922367000
TranstionStart,91,1487131308,955996000
ClientRequest,91,,
TranstionEnd,91,1487131308,960855000
TranstionStart,92,1487131308,961064000
ClientRequest,92,,
TranstionEnd,92,1487131308,964331000
TranstionStart,93,1487131309,889325000
TranstionEnd,93,1487131309,889420000
TranstionStart,94,1487131311,922842000
keepAliveStart,94,,
TranstionEnd,94,1487131311,927354000
TranstionStart,95,1487131314,894596000
TranstionEnd,95,1487131314,894667000
TranstionStart,96,1487131315,925889000
keepAliveStart,96,,
TranstionEnd,96,1487131315,930579000
TranstionStart,97,1487131315,969692000
ClientRequest,97,,
TranstionEnd,97,1487131315,974506000
TranstionStart,98,1487131319,894870000
TranstionEnd,98,1487131319,894952000
TranstionStart,99,1487131319,930170000
keepAliveStart,99,,
TranstionEnd,99,1487131319,932656000
TranstionStart,100,1487131319,974424000
ClientRequest,100,,
TranstionEnd,100,1487131319,977261000
TranstionStart,101,1487131323,930339000
keepAliveStart,101,,
TranstionEnd,101,1487131323,934780000
TranstionStart,102,1487131324,898132000
TranstionEnd,102,1487131324,898206000
TranstionStart,103,1487131327,930453000
keepAliveStart,103,,
TranstionEnd,103,1487131327,933639000
TranstionStart,104,1487131329,901956000
TranstionEnd,104,1487131329,902047000
TranstionStart,105,1487131331,935122000
keepAliveStart,105,,
TranstionEnd,105,1487131331,939626000
TranstionStart,106,1487131331,976402000
ClientRequest,106,,
TranstionEnd,106,1487131331,980510000
TranstionStart,107,1487131334,905357000
TranstionEnd,107,1487131334,905418000
TranstionStart,108,1487131334,981825000
ClientRequest,108,,
TranstionEnd,108,1487131334,984353000
TranstionStart,109,1487131335,935313000
keepAliveStart,109,,
TranstionEnd,109,1487131335,937792000
TranstionStart,110,1487131338,997020000
ClientRequest,110,,
TranstionEnd,110,1487131338,999633000
TranstionStart,111,1487131339,905424000
TranstionEnd,111,1487131339,905475000
TranstionStart,112,1487131339,939322000
keepAliveStart,112,,
TranstionEnd,112,1487131339,941819000
TranstionStart,113,1487131343,939570000
keepAliveStart,113,,
TranstionEnd,113,1487131343,942106000
TranstionStart,114,1487131344,906220000
TranstionEnd,114,1487131344,906289000
TranstionStart,115,1487131344,985256000
ClientRequest,115,,
TranstionEnd,115,1487131344,988931000
TranstionStart,116,1487131345,989203000
ClientRequest,116,,
TranstionEnd,116,1487131345,992896000
TranstionStart,117,1487131347,944628000
keepAliveStart,117,,
TranstionEnd,117,1487131347,948569000
TranstionStart,118,1487131347,996112000
ClientRequest,118,,
TranstionEnd,118,1487131347,998801000
TranstionStart,119,1487131348,981691000
ClientRequest,119,,
TranstionEnd,119,1487131348,984446000
TranstionStart,120,1487131349,909686000
TranstionEnd,120,1487131349,909739000
TranstionStart,121,1487131351,947182000
keepAliveStart,121,,
TranstionEnd,121,1487131351,950493000
TranstionStart,122,1487131354,912728000
TranstionEnd,122,1487131354,912808000
TranstionStart,123,1487131355,951231000
keepAliveStart,123,,
TranstionEnd,123,1487131355,954990000
TranstionStart,124,1487131359,914152000
TranstionEnd,124,1487131359,914234000
TranstionStart,125,1487131359,953152000
keepAliveStart,125,,
TranstionEnd,125,1487131359,955962000
TranstionStart,126,1487131359,992911000
ClientRequest,126,,
TranstionEnd,126,1487131359,995713000
TranstionStart,127,1487131363,5281000
ClientRequest,127,,
TranstionEnd,127,1487131363,9408000
TranstionStart,128,1487131363,958245000
keepAliveStart,128,,
TranstionEnd,128,1487131363,962236000
TranstionStart,129,1487131364,915709000
TranstionEnd,129,1487131364,916197000
TranstionStart,130,1487131366,998052000
ClientRequest,130,,
TranstionEnd,130,1487131367,1803000
TranstionStart,131,1487131367,961566000
keepAliveStart,131,,
TranstionEnd,131,1487131367,966016000
TranstionStart,132,1487131369,15380000
ClientRequest,132,,
TranstionEnd,132,1487131369,19351000
TranstionStart,133,1487131369,920937000
TranstionEnd,133,1487131369,921015000
TranstionStart,134,1487131371,966545000
keepAliveStart,134,,
TranstionEnd,134,1487131371,970734000
TranstionStart,135,1487131373,20418000
ClientRequest,135,,
TranstionEnd,135,1487131373,23004000
TranstionStart,136,1487131374,926195000
TranstionEnd,136,1487131374,926269000
TranstionStart,137,1487131375,966686000
keepAliveStart,137,,
TranstionEnd,137,1487131375,970835000
TranstionStart,138,1487131379,929780000
TranstionEnd,138,1487131379,929831000
TranstionStart,139,1487131379,971133000
keepAliveStart,139,,
TranstionEnd,139,1487131379,973836000
TranstionStart,140,1487131380,998973000
ClientRequest,140,,
TranstionEnd,140,1487131381,3337000
TranstionStart,141,1487131383,974216000
keepAliveStart,141,,
TranstionEnd,141,1487131383,978703000
TranstionStart,142,1487131384,932455000
TranstionEnd,142,1487131384,932540000
TranstionStart,143,1487131385,18683000
ClientRequest,143,,
TranstionEnd,143,1487131385,21473000
TranstionStart,144,1487131385,25410000
ClientRequest,144,,
TranstionEnd,144,1487131385,27986000
TranstionStart,145,1487131386,12137000
ClientRequest,145,,
TranstionEnd,145,1487131386,15682000
TranstionStart,146,1487131387,975317000
keepAliveStart,146,,
TranstionEnd,146,1487131387,979154000
TranstionStart,147,1487131389,933780000
TranstionEnd,147,1487131389,933852000
TranstionStart,148,1487131391,979665000
keepAliveStart,148,,
TranstionEnd,148,1487131391,983165000
TranstionStart,149,1487131394,937884000
TranstionEnd,149,1487131394,937965000
TranstionStart,150,1487131395,25299000
ClientRequest,150,,
TranstionEnd,150,1487131395,29179000
TranstionStart,151,1487131395,980883000
keepAliveStart,151,,
TranstionEnd,151,1487131395,985312000
TranstionStart,152,1487131399,941250000
TranstionEnd,152,1487131399,941326000
TranstionStart,153,1487131399,984740000
keepAliveStart,153,,
TranstionEnd,153,1487131399,987567000
TranstionStart,154,1487131403,989955000
keepAliveStart,154,,
TranstionEnd,154,1487131403,994526000
TranstionStart,155,1487131404,941780000
TranstionEnd,155,1487131404,941854000
TranstionStart,156,1487131407,31542000
ClientRequest,156,,
TranstionEnd,156,1487131407,35289000
TranstionStart,157,1487131407,994933000
keepAliveStart,157,,
TranstionEnd,157,1487131407,999664000
TranstionStart,158,1487131409,942248000
TranstionEnd,158,1487131409,942327000
TranstionStart,159,1487131410,32205000
ClientRequest,159,,
TranstionEnd,159,1487131410,34727000
TranstionStart,160,1487131411,998635000
keepAliveStart,160,,
TranstionEnd,160,1487131412,3133000
TranstionStart,161,1487131414,23820000
ClientRequest,161,,
TranstionEnd,161,1487131414,27879000
TranstionStart,162,1487131414,40564000
ClientRequest,162,,
TranstionEnd,162,1487131414,43387000
TranstionStart,163,1487131414,947531000
TranstionEnd,163,1487131414,947619000
TranstionStart,164,1487131415,32310000
ClientRequest,164,,
TranstionEnd,164,1487131415,36585000
TranstionStart,165,1487131415,999160000
keepAliveStart,165,,
TranstionEnd,165,1487131416,3493000
TranstionStart,166,1487131419,38851000
ClientRequest,166,,
TranstionEnd,166,1487131419,42512000
TranstionStart,167,1487131419,949990000
TranstionEnd,167,1487131419,950071000
TranstionStart,168,1487131420,157000
keepAliveStart,168,,
TranstionEnd,168,1487131420,4674000
TranstionStart,169,1487131420,47257000
ClientRequest,169,,
TranstionEnd,169,1487131420,51685000
TranstionStart,170,1487131423,48079000
ClientRequest,170,,
TranstionEnd,170,1487131423,53293000
TranstionStart,171,1487131424,2194000
keepAliveStart,171,,
TranstionEnd,171,1487131424,6734000
TranstionStart,172,1487131424,952616000
TranstionEnd,172,1487131424,952700000
TranstionStart,173,1487131428,5074000
keepAliveStart,173,,
TranstionEnd,173,1487131428,7596000
TranstionStart,174,1487131429,957878000
TranstionEnd,174,1487131429,957954000
TranstionStart,175,1487131432,6156000
keepAliveStart,175,,
TranstionEnd,175,1487131432,10226000
TranstionStart,176,1487131432,52106000
ClientRequest,176,,
TranstionEnd,176,1487131432,56056000
TranstionStart,177,1487131434,59627000
ClientRequest,177,,
TranstionEnd,177,1487131434,62793000
TranstionStart,178,1487131434,963007000
TranstionEnd,178,1487131434,963110000
TranstionStart,179,1487131436,8807000
keepAliveStart,179,,
TranstionEnd,179,1487131436,11344000
TranstionStart,180,1487131437,56275000
ClientRequest,180,,
TranstionEnd,180,1487131437,58726000
TranstionStart,181,1487131439,963711000
TranstionEnd,181,1487131439,963785000
TranstionStart,182,1487131440,10917000
keepAliveStart,182,,
TranstionEnd,182,1487131440,15546000
TranstionStart,183,1487131440,76722000
ClientRequest,183,,
TranstionEnd,183,1487131440,80693000
TranstionStart,184,1487131441,48817000
ClientRequest,184,,
TranstionEnd,184,1487131441,52854000
TranstionStart,185,1487131441,60092000
ClientRequest,185,,
TranstionEnd,185,1487131441,64046000
TranstionStart,186,1487131444,12111000
keepAliveStart,186,,
TranstionEnd,186,1487131444,14494000
TranstionStart,187,1487131444,62461000
ClientRequest,187,,
TranstionEnd,187,1487131444,66093000
TranstionStart,188,1487131444,966767000
TranstionEnd,188,1487131444,966845000
TranstionStart,189,1487131448,12768000
keepAliveStart,189,,
TranstionEnd,189,1487131448,16636000
TranstionStart,190,1487131448,57718000
ClientRequest,190,,
TranstionEnd,190,1487131448,60333000
TranstionStart,191,1487131449,967889000
TranstionEnd,191,1487131449,967985000
TranstionStart,192,1487131452,16916000
keepAliveStart,192,,
TranstionEnd,192,1487131452,21154000
TranstionStart,193,1487131452,66459000
ClientRequest,193,,
TranstionEnd,193,1487131452,69251000
TranstionStart,194,1487131453,82897000
ClientRequest,194,,
TranstionEnd,194,1487131453,87572000
TranstionStart,195,1487131454,970929000
TranstionEnd,195,1487131454,970999000
TranstionStart,196,1487131456,18356000
keepAliveStart,196,,
TranstionEnd,196,1487131456,23185000
TranstionStart,197,1487131459,78506000
ClientRequest,197,,
TranstionEnd,197,1487131459,82994000
TranstionStart,198,1487131459,973753000
TranstionEnd,198,1487131459,973848000
TranstionStart,199,1487131460,19958000
keepAliveStart,199,,
TranstionEnd,199,1487131460,24979000
TranstionStart,200,1487131460,62411000
ClientRequest,200,,
TranstionEnd,200,1487131460,66139000
TranstionStart,201,1487131464,23534000
keepAliveStart,201,,
TranstionEnd,201,1487131464,26277000
TranstionStart,202,1487131464,89086000
ClientRequest,202,,
TranstionEnd,202,1487131464,93096000
TranstionStart,203,1487131464,974014000
TranstionEnd,203,1487131464,974067000
TranstionStart,204,1487131468,27019000
keepAliveStart,204,,
TranstionEnd,204,1487131468,31121000
TranstionStart,205,1487131469,977808000
TranstionEnd,205,1487131469,977900000
TranstionStart,206,1487131470,93167000
ClientRequest,206,,
TranstionEnd,206,1487131470,96356000
TranstionStart,207,1487131471,70761000
ClientRequest,207,,
TranstionEnd,207,1487131471,75360000
TranstionStart,208,1487131472,29468000
keepAliveStart,208,,
TranstionEnd,208,1487131472,32228000
TranstionStart,209,1487131472,90106000
ClientRequest,209,,
TranstionEnd,209,1487131472,93669000
TranstionStart,210,1487131472,99893000
ClientRequest,210,,
TranstionEnd,210,1487131472,103702000
TranstionStart,211,1487131474,978377000
TranstionEnd,211,1487131474,978461000
TranstionStart,212,1487131476,33341000
keepAliveStart,212,,
TranstionEnd,212,1487131476,37139000
TranstionStart,213,1487131479,983582000
TranstionEnd,213,1487131479,983658000
TranstionStart,214,1487131480,33806000
keepAliveStart,214,,
TranstionEnd,214,1487131480,36436000
TranstionStart,215,1487131480,78932000
ClientRequest,215,,
TranstionEnd,215,1487131480,83613000
TranstionStart,216,1487131481,96438000
ClientRequest,216,,
TranstionEnd,216,1487131481,101445000
TranstionStart,217,1487131484,34675000
keepAliveStart,217,,
TranstionEnd,217,1487131484,38039000
TranstionStart,218,1487131484,110547000
ClientRequest,218,,
TranstionEnd,218,1487131484,115434000
TranstionStart,219,1487131484,987576000
TranstionEnd,219,1487131484,987643000
TranstionStart,220,1487131485,111013000
ClientRequest,220,,
TranstionEnd,220,1487131485,115881000
TranstionStart,221,1487131488,37980000
keepAliveStart,221,,
TranstionEnd,221,1487131488,40687000
TranstionStart,222,1487131489,990106000
TranstionEnd,222,1487131489,990187000
TranstionStart,223,1487131491,101925000
ClientRequest,223,,
TranstionEnd,223,1487131491,106569000
TranstionStart,224,1487131491,117765000
ClientRequest,224,,
TranstionEnd,224,1487131491,122294000
TranstionStart,225,1487131492,38787000
keepAliveStart,225,,
TranstionEnd,225,1487131492,42509000
TranstionStart,226,1487131494,994772000
TranstionEnd,226,1487131494,994849000
TranstionStart,227,1487131496,39961000
keepAliveStart,227,,
TranstionEnd,227,1487131496,44894000
TranstionStart,228,1487131499,96249000
ClientRequest,228,,
TranstionEnd,228,1487131499,99015000
TranstionStart,229,1487131499,997001000
TranstionEnd,229,1487131499,997055000
TranstionStart,230,1487131500,40477000
keepAliveStart,230,,
TranstionEnd,230,1487131500,44263000
TranstionStart,231,1487131501,132812000
ClientRequest,231,,
TranstionEnd,231,1487131501,137130000
TranstionStart,232,1487131504,42758000
keepAliveStart,232,,
TranstionEnd,232,1487131504,47248000
TranstionStart,233,1487131505,822000
TranstionEnd,233,1487131505,890000
TranstionStart,234,1487131506,127596000
ClientRequest,234,,
TranstionEnd,234,1487131506,130119000
TranstionStart,235,1487131507,142083000
ClientRequest,235,,
TranstionEnd,235,1487131507,146642000
TranstionStart,236,1487131508,44604000
keepAliveStart,236,,
TranstionEnd,236,1487131508,49176000
TranstionStart,237,1487131510,6079000
TranstionEnd,237,1487131510,6151000
TranstionStart,238,1487131511,135437000
ClientRequest,238,,
TranstionEnd,238,1487131511,139867000
TranstionStart,239,1487131512,47106000
keepAliveStart,239,,
TranstionEnd,239,1487131512,51616000
TranstionStart,240,1487131515,6867000
TranstionEnd,240,1487131515,6934000
TranstionStart,241,1487131516,48555000
keepAliveStart,241,,
TranstionEnd,241,1487131516,52506000
TranstionStart,242,1487131517,140427000
ClientRequest,242,,
TranstionEnd,242,1487131517,144723000
TranstionStart,243,1487131517,144811000
ClientRequest,243,,
TranstionEnd,243,1487131517,147458000
TranstionStart,244,1487131519,119625000
ClientRequest,244,,
TranstionEnd,244,1487131519,122614000
TranstionStart,245,1487131520,12022000
TranstionEnd,245,1487131520,12096000
TranstionStart,246,1487131520,50507000
keepAliveStart,246,,
TranstionEnd,246,1487131520,54905000
TranstionStart,247,1487131523,145545000
ClientRequest,247,,
TranstionEnd,247,1487131523,149358000
TranstionStart,248,1487131524,53335000
keepAliveStart,248,,
TranstionEnd,248,1487131524,56159000
TranstionStart,249,1487131525,12801000
TranstionEnd,249,1487131525,12871000
TranstionStart,250,1487131527,156134000
ClientRequest,250,,
TranstionEnd,250,1487131527,159034000
TranstionStart,251,1487131528,54435000
keepAliveStart,251,,
TranstionEnd,251,1487131528,57463000
TranstionStart,252,1487131530,18091000
TranstionEnd,252,1487131530,18187000
TranstionStart,253,1487131532,55586000
keepAliveStart,253,,
TranstionEnd,253,1487131532,59845000
TranstionStart,254,1487131535,23394000
TranstionEnd,254,1487131535,23476000
TranstionStart,255,1487131535,158831000
ClientRequest,255,,
TranstionEnd,255,1487131535,162995000
TranstionStart,256,1487131536,58496000
keepAliveStart,256,,
TranstionEnd,256,1487131536,61914000
TranstionStart,257,1487131537,142584000
ClientRequest,257,,
TranstionEnd,257,1487131537,146384000
TranstionStart,258,1487131539,129851000
ClientRequest,258,,
TranstionEnd,258,1487131539,133947000
TranstionStart,259,1487131540,25316000
TranstionEnd,259,1487131540,25395000
TranstionStart,260,1487131540,60383000
keepAliveStart,260,,
TranstionEnd,260,1487131540,64534000
TranstionStart,261,1487131540,156792000
ClientRequest,261,,
TranstionEnd,261,1487131540,160242000
TranstionStart,262,1487131544,60741000
keepAliveStart,262,,
TranstionEnd,262,1487131544,65248000
TranstionStart,263,1487131545,29815000
TranstionEnd,263,1487131545,29927000
TranstionStart,264,1487131548,65627000
keepAliveStart,264,,
TranstionEnd,264,1487131548,70438000
TranstionStart,265,1487131548,161809000
ClientRequest,265,,
TranstionEnd,265,1487131548,166232000
TranstionStart,266,1487131550,32559000
TranstionEnd,266,1487131550,32646000
TranstionStart,267,1487131552,67000000
keepAliveStart,267,,
TranstionEnd,267,1487131552,71005000
TranstionStart,268,1487131552,177853000
ClientRequest,268,,
TranstionEnd,268,1487131552,180680000
TranstionStart,269,1487131553,136543000
ClientRequest,269,,
TranstionEnd,269,1487131553,139456000
TranstionStart,270,1487131555,34824000
TranstionEnd,270,1487131555,34907000
TranstionStart,271,1487131556,71510000
keepAliveStart,271,,
TranstionEnd,271,1487131556,74458000
TranstionStart,272,1487131556,171166000
ClientRequest,272,,
TranstionEnd,272,1487131556,173883000
TranstionStart,273,1487131560,36385000
TranstionEnd,273,1487131560,36483000
TranstionStart,274,1487131560,72857000
keepAliveStart,274,,
TranstionEnd,274,1487131560,75574000
TranstionStart,275,1487131563,177106000
ClientRequest,275,,
TranstionEnd,275,1487131563,180356000
TranstionStart,276,1487131564,73229000
keepAliveStart,276,,
TranstionEnd,276,1487131564,76138000
TranstionStart,277,1487131565,38539000
TranstionEnd,277,1487131565,38619000
TranstionStart,278,1487131566,176882000
ClientRequest,278,,
TranstionEnd,278,1487131566,180242000
TranstionStart,279,1487131566,180266000
ClientRequest,279,,
TranstionEnd,279,1487131566,183118000
TranstionStart,280,1487131568,76024000
keepAliveStart,280,,
TranstionEnd,280,1487131568,78784000
TranstionStart,281,1487131568,142622000
ClientRequest,281,,
TranstionEnd,281,1487131568,147192000
TranstionStart,282,1487131570,42402000
TranstionEnd,282,1487131570,42485000
TranstionStart,283,1487131572,76786000
keepAliveStart,283,,
TranstionEnd,283,1487131572,79467000
TranstionStart,284,1487131575,47673000
TranstionEnd,284,1487131575,47746000
TranstionStart,285,1487131575,193763000
ClientRequest,285,,
TranstionEnd,285,1487131575,196426000
TranstionStart,286,1487131576,78847000
keepAliveStart,286,,
TranstionEnd,286,1487131576,82545000
TranstionStart,287,1487131576,152691000
ClientRequest,287,,
TranstionEnd,287,1487131576,155270000
TranstionStart,288,1487131580,47785000
TranstionEnd,288,1487131580,47844000
TranstionStart,289,1487131580,82273000
keepAliveStart,289,,
TranstionEnd,289,1487131580,85753000
TranstionStart,290,1487131582,188349000
ClientRequest,290,,
TranstionEnd,290,1487131582,191129000
TranstionStart,291,1487131584,84566000
keepAliveStart,291,,
TranstionEnd,291,1487131584,88045000
TranstionStart,292,1487131584,195293000
ClientRequest,292,,
TranstionEnd,292,1487131584,198219000
TranstionStart,293,1487131585,48487000
TranstionEnd,293,1487131585,48542000
TranstionStart,294,1487131588,86888000
keepAliveStart,294,,
TranstionEnd,294,1487131588,91345000
TranstionStart,295,1487131590,48737000
TranstionEnd,295,1487131590,48827000
TranstionStart,296,1487131590,202651000
ClientRequest,296,,
TranstionEnd,296,1487131590,205374000
TranstionStart,297,1487131591,205817000
ClientRequest,297,,
TranstionEnd,297,1487131591,208548000
TranstionStart,298,1487131592,87387000
keepAliveStart,298,,
TranstionEnd,298,1487131592,90640000
TranstionStart,299,1487131595,48954000
TranstionEnd,299,1487131595,49020000
TranstionStart,300,1487131596,87530000
keepAliveStart,300,,
TranstionEnd,300,1487131596,91975000
TranstionStart,301,1487131597,171804000
ClientRequest,301,,
TranstionEnd,301,1487131597,176248000
TranstionStart,302,1487131600,51434000
TranstionEnd,302,1487131600,51506000
TranstionStart,303,1487131600,87818000
keepAliveStart,303,,
TranstionEnd,303,1487131600,90516000
TranstionStart,304,1487131604,88709000
keepAliveStart,304,,
TranstionEnd,304,1487131604,91993000
TranstionStart,305,1487131605,51829000
TranstionEnd,305,1487131605,52128000
